3.1921 
0.3719 
9.4595 
2.9798 
6.0066 
-0.92405 
-1.3522 
6.5063 
-8.3306 
-7.3366 
-6.5322 
-2.1812 
6.6276 
6.0673 
-8.7906 
-2.0148 
0.53752 
-1.664 
3.1372 
2.5595 
-4.1603 
-1.367 
-9.6903 
9.6813 
-6.6566 
-7.8757 
-2.5518 
-6.0376 
-0.20625 
-3.2101 
9.0326 
8.4066 
-8.9465 
4.7572 
-4.6176 
-1.5433 
0.95742 
8.8547 
-1.6451 
9.661 
-3.9709 
4.022 
3.3268 
0.78253 
3.9621 
3.3306 
-6.4374 
-7.4397 
9.9816 
-6.5776 
-9.348 
1.224 
7.6373 
3.3835 
-6.1913 
-2.6217 
-0.78548 
9.6328 
-6.8719 
7.1105 
2.8953 
-2.4746 
-6.1815 
-1.4349 
-0.35956 
-7.5878 
1.7901 
-5.4762 
-2.3076 
1.6597 
-4.9639 
-4.1912 
2.3418 
-4.6944 
6.4875 
9.6533 
4.605 
-3.1225 
1.6814 
-7.8446 
8.1262 
7.5931 
6.3552 
-4.7854 
1.8871 
-9.5497 
-1.4948 
-3.7456 
-6.7703 
-6.4247 
-1.5423 
-8.1154 
1.9705 
-0.58151 
3.919 
3.9978 
2.7706 
-9.3279 
-8.6239 
-3.608 
0.61729 
3.0889 
-1.8476 
6.3996 
4.3672 
9.373 
0.62668 
-3.4971 
-7.8874 
2.2192 
5.576 
-1.5309 
-8.1835 
-4.6706 
-6.9269 
-4.3799 
-1.1983 
0.54285 
-0.85151 
7.5074 
0.36104 
8.8725 
2.7542 
9.1539 
-5.1859 
3.5224 
-4.2187 
3.4362 
3.9028 
-8.6401 
-4.9042 
-5.5192 
3.3567 
6.8878 
-3.1108 
5.6104 
3.5066 
-9.8657 
2.0434 
-2.2646 
8.3198 
-9.977 
-0.75102 
-1.513 
-0.78167 
5.4032 
-3.5506 
5.6948 
-0.57286 
-9.2847 
-6.4825 
4.4352 
-0.53028 
-6.9456 
-3.1775 
2.1478 
-6.1651 
4.7685 
-5.143 
8.3485 
-4.6188 
5.31 
-6.2268 
-4.25 
-8.1777 
1.5242 
3.6673 
0.93186 
-1.4854 
2.8889 
2.9524 
3.5803 
2.7157 
8.9035 
-5.8213 
4.1856 
-5.2754 
-7.6121 
2.1461 
-0.99725 
-0.82549 
3.2389 
5.4057 
-2.9956 
3.2402 
-1.6768 
6.8386 
6.6583 
-4.8712 
2.2692 
1.645 
0.81479 
7.3988 
-4.7044 
-3.6385 
-7.6157 
8.7966 
2.911 
-0.41074 
2.7863 
0.89432 
2.9462 
0.87772 
4.4209 
0.44991 
9.8741 
-5.6265 
-7.884 
-7.8061 
-8.7282 
-1.9084 
-1.0325 
-2.6837 
5.2701 
2.5579 
5.4396 
8.6571 
9.4548 
-6.1594 
-7.2225 
3.9253 
-8.1236 
0.50809 
0.60688 
7.2228 
-0.30293 
-2.1309 
3.4286 
4.8252 
0.40105 
-3.0457 
-7.0001 
1.7218 
-4.7571 
-9.1109 
5.0987 
-5.1443 
-1.152 
3.7559 
-2.8154 
4.7268 
-2.1059 
3.6683 
4.0809 
-1.1539 
-9.6084 
-3.3828 
-1.5138 
-4.5946 
-6.0589 
6.4344 
-1.4016 
7.7554 
-2.1763 
5.3823 
-2.0642 
6.1703 
5.1015 
-2.4521 
-5.6796 
5.8081 
8.9861 
-3.4487 
3.4253 
-1.2271 
6.67 
5.3771 
-6.6549 
7.2396 
9.7974 
0.28847 
7.6856 
1.7605 
-6.905 
-6.0027 
-1.8609 
4.9741 
6.5117 
5.7993 
-3.6295 
0.68128 
-8.201 
-7.7659 
-7.2741 
3.573 
-0.09646 
-6.2058 
-0.099884 
-7.0478 
-8.9005 
7.0143 
1.2112 
8.5922 
3.9333 
1.6558 
6.3079 
7.5803 
9.7782 
-9.9896 
7.3088 
2.2513 
9.799 
0.5536 
-0.40953 
6.027 
-5.4431 
-0.038114 
8.017 
1.4932 
6.9036 
4.7728 
1.7197 
-5.0653 
3.3283 
-8.3303 
2.5192 
3.2189 
4.595 
7.815 
9.6461 
5.3806 
1.6289 
8.5663 
1.6018 
-9.6603 
-7.5828 
7.2542 
-0.31407 
6.8971 
-5.8119 
1.0458 
2.5977 
-9.3602 
2.2943 
-2.7518 
-9.0093 
-0.2086 
-6.1498 
-7.5383 
-5.8901 
-7.0697 
-6.2186 
-9.147 
2.704 
-4.3627 
0.77193 
3.9033 
-0.01768 
0.71602 
-1.0963 
-7.5214 
-0.19285 
7.06 
7.4785 
-4.5941 
-5.8308 
1.2996 
2.8062 
-1.6594 
-5.8805 
8.9587 
-8.3586 
-7.8858 
-7.1592 
-6.6708 
2.4192 
1.4742 
-8.9584 
8.624 
4.5732 
4.7568 
-8.7319 
7.2088 
8.6881 
9.688 
7.1788 
5.7112 
0.26755 
-6.448 
-2.0282 
-7.3214 
-9.3822 
8.7828 
-3.9739 
-4.0893 
-3.3413 
-0.65864 
2.964 
-9.4954 
6.8441 
1.1807 
7.082 
-3.0424 
-1.0795 
-8.9152 
-6.4578 
3.2562 
-3.3834 
7.9697 
-7.6369 
9.7684 
0.79964 
4.1383 
9.9898 
-4.243 
-1.7095 
-0.7032 
5.2791 
6.3641 
-7.9956 
-6.4377 
-2.8073 
-8.8659 
0.43771 
-3.283 
-6.4866 
-5.8211 
8.1031 
3.5078 
-0.63064 
8.2426 
-7.9198 
4.9109 
4.7253 
1.2372 
-6.3161 
1.9442 
-4.0013 
-7.3175 
-5.748 
7.8988 
-8.5709 
-5.1503 
-8.9249 
-1.1656 
-9.7343 
7.9438 
-6.0668 
-8.1326 
-3.8527 
-0.87885 
-7.9666 
9.9078 
-3.3581 
-4.0531 
-8.7591 
-4.0351 
-9.073 
0.10856 
5.2285 
2.6214 
-8.2022 
-8.3828 
5.5448 
8.1027 
0.67544 
-7.8169 
6.5162 
-3.238 
-4.1205 
4.9263 
-9.7933 
-9.0311 
3.3583 
2.0694 
0.52205 
4.5942 
4.1451 
5.6275 
-4.2405 
3.8506 
1.1334 
-2.0696 
-8.7682 
5.6035 
-3.2483 
2.1573 
4.8251 
-7.9037 
-7.4422 
0.9908 
-0.29541 
7.8095 
5.9792 
4.6868 
-8.9734 
-8.5423 
-8.2295 
5.967 
8.8602 
3.6743 
-7.3583 
4.4545 
-7.7929 
-7.6501 
2.8144 
-3.4237 
3.0762 
4.9826 
1.6637 
4.8006 
-5.3035 
4.6992 
9.412 
7.3386 
-8.2753 
-2.6713 
-2.616 
3.7006 
1.9588 
5.7873 
-2.6469 
-5.8794 
-8.2667 
5.4387 
-5.8865 
-2.2346 
1.0356 
-5.4209 
2.8388 
-0.31039 
-6.9631 
5.6386 
-7.9879 
-4.1187 
-5.2525 
0.61745 
-8.17 
-1.8937 
-7.9031 
-7.7543 
5.6886 
-4.1686 
2.0707 
9.2885 
-1.3503 
3.895 
5.162 
-1.3472 
3.11 
-7.8049 
8.6752 
-6.2508 
-4.6764 
5.9566 
-0.24792 
5.3792 
-2.0799 
-4.5412 
-9.2553 
3.4659 
-1.4087 
-0.96522 
2.1971 
-8.8119 
-3.6838 
5.4544 
3.9287 
-7.4934 
-7.397 
-8.153 
-9.8436 
-1.5378 
3.1115 
4.4585 
0.62419 
-7.8236 
2.6353 
-7.47 
-7.3139 
-8.0281 
-7.1595 
-6.635 
-6.075 
-3.6504 
-3.6714 
-5.6487 
-4.9792 
7.8584 
4.0645 
1.1148 
-6.3113 
-5.7594 
-8.4531 
8.276 
4.1343 
1.1558 
-3.7314 
-6.6759 
2.4499 
9.7587 
-6.5914 
-4.8442 
-2.064 
-8.5201 
3.6819 
-1.9522 
9.6567 
-1.9563 
2.4134 
-6.9126 
-2.3731 
-6.7773 
5.1622 
7.4222 
-2.9845 
3.7107 
-4.117 
0.61259 
6.6485 
1.9498 
-3.2938 
-4.0155 
-0.94815 
-1.5471 
-2.8079 
1.1664 
4.8509 
-1.5133 
-1.4129 
-7.5025 
-9.5113 
-4.1963 
-3.6496 
3.0738 
9.1387 
8.7146 
-0.84227 
-5.1904 
5.278 
5.1865 
4.813 
4.8738 
-7.8816 
3.6312 
-0.73479 
-5.7567 
-8.0296 
6.4715 
-6.4998 
-6.7286 
3.3197 
7.8878 
0.33116 
4.054 
-6.9282 
9.0691 
0.81768 
3.5947 
-9.2687 
6.1841 
4.9724 
-7.5963 
0.5009 
-3.4833 
0.92899 
-2.0224 
-1.6981 
-6.3852 
-4.8923 
-9.5893 
8.4735 
3.074 
8.6523 
-6.7298 
8.4219 
5.8932 
1.5479 
-1.1993 
-4.8477 
5.0389 
-5.4266 
-8.7163 
5.3466 
3.424 
4.3043 
2.8412 
-1.619 
-2.1848 
6.3228 
-3.6514 
6.2908 
5.7815 
7.0453 
0.11273 
2.7132 
9.0179 
-1.1207 
-8.7996 
7.335 
2.6238 
-2.8985 
9.9401 
-5.5166 
3.049 
2.0998 
-2.2551 
-7.1563 
-9.4973 
-1.5778 
-6.318 
4.5155 
-2.5927 
6.8312 
4.6846 
1.4205 
-6.4629 
9.1477 
-4.6936 
8.4916 
-5.5246 
-2.5287 
-8.25 
2.8023 
-6.3877 
-9.099 
4.4635 
-3.0512 
3.2123 
-2.3226 
2.5469 
-9.567 
8.2114 
6.0112 
4.9169 
6.2623 
-2.3339 
2.3456 
1.5099 
0.60103 
-4.4986 
-5.0274 
-0.96722 
-5.4457 
6.089 
9.7221 
-9.4002 
0.71328 
-8.2585 
6.0418 
9.7829 
-8.6611 
8.788 
-9.6364 
3.6768 
5.6747 
0.68275 
7.7072 
7.9801 
2.5188 
-7.2426 
-5.644 
-6.3572 
-9.1636 
-7.8612 
2.3289 
8.7932 
-2.9109 
-1.7874 
9.687 
8.9116 
3.5329 
9.766 
5.3366 
-3.266 
3.2476 
-5.1167 
-4.0899 
3.6036 
0.55694 
-1.7681 
2.0528 
5.0104 
1.6707 
1.0359 
1.6714 
0.2364 
-8.3481 
4.3914 
9.9231 
-2.9093 
9.4252 
-3.071 
7.7309 
-0.9061 
-1.7315 
-5.6454 
-7.4869 
-3.8217 
4.5221 
5.6574 
3.8758 
-9.804 
6.8643 
8.4466 
5.4191 
-9.1468 
-2.4363 
4.0868 
4.5903 
-5.5145 
-4.6189 
3.4606 
-0.45016 
2.4743 
-5.2711 
-6.4575 
6.5929 
5.3384 
8.6896 
-7.8422 
-6.3554 
-8.0181 
-0.20472 
-6.1351 
7.9178 
-8.0182 
-9.1167 
1.1459 
5.4499 
-3.7612 
-6.4204 
-3.2209 
-5.7971 
0.20305 
8.1273 
2.5785 
-7.9693 
-2.1829 
-8.9077 
0.025658 
-1.3656 
9.9512 
6.2321 
-0.28697 
7.889 
-7.2491 
-2.1999 
8.5471 
8.3499 
4.2715 
2.3667 
-3.1342 
8.7205 
-7.5045 
4.6117 
2.9295 
6.663 
-2.0344 
4.9964 
6.7044 
-3.5508 
1.0452 
9.5826 
0.98617 
-3.3915 
2.3894 
-2.7873 
5.1302 
-1.722 
-0.1531 
3.8949 
9.4547 
-3.4449 
6.7561 
4.7814 
9.0835 
-9.3615 
-2.8626 
3.2531 
-4.37 
-5.3923 
4.2226 
2.4915 
1.8122 
3.2088 
-9.0489 
-3.0243 
-0.97319 
-5.1819 
4.3009 
7.1236 
-4.3698 
4.621 
-7.2447 
6.7345 
-7.228 
1.7642 
-2.6769 
6.1352 
0.075616 
-0.20811 
7.541 
-2.9372 
-1.0111 
9.2706 
-9.154 
9.4592 
-6.2159 
3.3424 
1.7288 
3.5022 
-2.7796 
2.4056 
6.223 
-9.6149 
-8.3225 
9.496 
3.027 
-5.3752 
-1.9302 
-7.5596 
-4.6312 
-4.8431 
-3.3667 
-6.9553 
-3.0398 
-7.5668 
7.6831 
-8.1144 
8.6008 
-2.0196 
-9.052 
-3.1525 
4.7193 
5.8936 
0.89812 
3.7245 
7.8727 
-8.9042 
-3.9268 
-9.0762 
-6.0905 
4.4033 
4.4351 
7.556 
1.6487 
-8.5863 
8.4549 
6.0074 
-4.2811 
0.87326 
9.6955 
4.3136 
6.7794 
-1.3348 
-0.58751 
1.2143 
-4.6182 
4.9804 
0.077755 
2.9362 
-3.8451 
-7.2255 
-0.48854 
-2.7508 
5.7623 
5.6059 
3.3702 
-7.3299 
-9.5689 
1.1968 
-3.9836 
8.7882 
9.6181 
-4.2676 
6.0164 
7.9222 
1.9505 
7.6803 
8.8746 
0.98316 
4.5677 
1.5352 
-9.4829 
-1.0694 
2.926 
0.42406 
-2.5537 
8.7427 
6.5907 
6.9817 
-2.5493 
1.8637 
7.4511 
8.67 
3.3693 
-5.8645 
3.077 
-8.559 
-1.8655 
3.3386 
8.6745 
6.219 
-0.30903 
5.135 
-1.6591 
9.4357 
9.7595 
7.283
-9.989600
-9.977000
-9.865700
-9.843600
-9.804000
-9.793299
-9.734299
-9.690299
-9.660299
-9.636400
-9.614899
-9.608399
-9.589299
-9.568899
-9.567000
-9.549699
-9.511299
-9.497299
-9.495400
-9.482900
-9.400199
-9.382200
-9.361500
-9.360200
-9.347999
-9.327899
-9.284699
-9.268699
-9.255300
-9.163600
-9.153999
-9.146999
-9.146799
-9.116699
-9.110899
-9.099000
-9.076200
-9.073000
-9.052000
-9.048899
-9.031099
-9.009299
-8.973400
-8.958400
-8.946500
-8.924899
-8.915200
-8.907700
-8.904199
-8.900500
-8.865900
-8.811899
-8.799599
-8.790599
-8.768199
-8.759100
-8.731899
-8.728199
-8.716299
-8.661099
-8.640099
-8.623899
-8.586299
-8.570899
-8.559000
-8.542299
-8.520099
-8.453100
-8.382800
-8.358600
-8.348099
-8.330600
-8.330299
-8.322500
-8.275299
-8.266700
-8.258499
-8.249999
-8.229499
-8.202199
-8.200999
-8.183500
-8.177699
-8.169999
-8.153000
-8.132600
-8.123599
-8.115400
-8.114399
-8.029600
-8.028099
-8.018199
-8.018099
-7.995600
-7.987899
-7.969300
-7.966600
-7.919800
-7.903700
-7.903100
-7.887399
-7.885799
-7.883999
-7.881600
-7.875700
-7.861200
-7.844599
-7.842200
-7.823599
-7.816899
-7.806099
-7.804899
-7.792899
-7.765899
-7.754299
-7.650099
-7.636899
-7.615699
-7.612099
-7.596300
-7.587799
-7.582799
-7.566799
-7.559600
-7.538300
-7.521399
-7.504499
-7.502499
-7.493400
-7.486900
-7.470000
-7.442200
-7.439700
-7.396999
-7.358299
-7.336600
-7.329899
-7.321399
-7.317499
-7.313899
-7.274099
-7.249100
-7.244699
-7.242600
-7.227999
-7.225499
-7.222499
-7.159499
-7.159200
-7.156299
-7.069700
-7.047799
-7.000099
-6.963099
-6.955300
-6.945600
-6.928200
-6.926899
-6.912600
-6.905000
-6.871900
-6.777300
-6.770300
-6.729800
-6.728600
-6.675899
-6.670799
-6.656600
-6.654899
-6.634999
-6.591400
-6.577600
-6.532200
-6.499800
-6.486600
-6.482499
-6.462899
-6.457799
-6.457499
-6.448000
-6.437700
-6.437400
-6.424699
-6.420399
-6.387699
-6.385200
-6.357199
-6.355399
-6.317999
-6.316099
-6.311300
-6.250799
-6.226799
-6.218600
-6.215899
-6.205799
-6.191300
-6.181499
-6.165099
-6.159399
-6.149799
-6.135099
-6.090499
-6.075000
-6.066799
-6.058899
-6.037600
-6.002699
-5.890099
-5.886499
-5.880499
-5.879400
-5.864499
-5.830799
-5.821299
-5.821099
-5.811899
-5.797099
-5.759400
-5.756700
-5.748000
-5.679600
-5.648699
-5.645399
-5.643999
-5.626499
-5.524599
-5.519200
-5.516600
-5.514499
-5.476200
-5.445700
-5.443100
-5.426600
-5.420899
-5.392299
-5.375200
-5.303499
-5.275400
-5.271100
-5.252499
-5.190399
-5.185899
-5.181899
-5.150299
-5.144299
-5.142999
-5.116699
-5.065299
-5.027399
-4.979200
-4.963899
-4.904200
-4.892299
-4.871200
-4.847699
-4.844199
-4.843099
-4.785400
-4.757099
-4.704399
-4.694399
-4.693599
-4.676400
-4.670600
-4.631200
-4.618899
-4.618799
-4.618199
-4.617599
-4.594599
-4.594099
-4.541200
-4.498600
-4.379900
-4.370000
-4.369799
-4.362699
-4.281100
-4.267599
-4.249999
-4.243000
-4.240499
-4.218700
-4.196299
-4.191200
-4.168599
-4.160299
-4.120499
-4.118699
-4.116999
-4.089900
-4.089300
-4.053099
-4.035099
-4.015499
-4.001300
-3.983600
-3.973900
-3.970899
-3.926799
-3.852699
-3.845100
-3.821699
-3.761200
-3.745600
-3.731399
-3.683800
-3.671399
-3.651399
-3.650399
-3.649599
-3.638500
-3.629500
-3.608000
-3.550799
-3.550599
-3.497100
-3.483300
-3.448700
-3.444900
-3.423700
-3.391499
-3.383399
-3.382799
-3.366699
-3.358099
-3.341299
-3.293800
-3.283000
-3.266000
-3.248300
-3.237999
-3.220900
-3.210100
-3.177500
-3.152499
-3.134199
-3.122500
-3.110799
-3.070999
-3.051199
-3.045700
-3.042399
-3.039799
-3.024300
-2.995599
-2.984500
-2.937199
-2.910899
-2.909299
-2.898499
-2.862599
-2.815399
-2.807900
-2.807300
-2.787300
-2.779599
-2.751799
-2.750799
-2.683700
-2.676899
-2.671300
-2.646900
-2.621700
-2.615999
-2.592699
-2.553700
-2.551799
-2.549300
-2.528700
-2.474599
-2.452099
-2.436299
-2.373099
-2.333899
-2.322599
-2.307599
-2.264600
-2.255100
-2.234599
-2.199899
-2.184800
-2.182900
-2.181200
-2.176299
-2.130900
-2.105900
-2.079899
-2.069599
-2.064200
-2.064000
-2.034399
-2.028200
-2.022399
-2.019599
-2.014799
-1.956299
-1.952199
-1.930199
-1.908399
-1.893699
-1.865499
-1.860899
-1.847599
-1.787400
-1.768100
-1.731500
-1.722000
-1.709500
-1.698100
-1.676800
-1.664000
-1.659399
-1.659100
-1.645100
-1.618999
-1.577799
-1.547099
-1.543299
-1.542300
-1.537799
-1.530899
-1.513799
-1.513299
-1.512999
-1.494799
-1.485399
-1.434899
-1.412899
-1.408699
-1.401599
-1.366999
-1.365599
-1.352200
-1.350300
-1.347199
-1.334799
-1.227099
-1.199300
-1.198300
-1.165599
-1.153899
-1.152000
-1.120700
-1.096300
-1.079499
-1.069399
-1.032499
-1.011099
-0.997250
-0.973189
-0.967220
-0.965220
-0.948150
-0.924050
-0.906099
-0.878850
-0.851510
-0.842270
-0.825490
-0.785479
-0.781670
-0.751020
-0.734790
-0.703200
-0.658640
-0.630640
-0.587509
-0.581509
-0.572860
-0.530279
-0.488540
-0.450159
-0.410740
-0.409529
-0.359560
-0.314070
-0.310390
-0.309030
-0.302930
-0.295410
-0.286970
-0.247920
-0.208600
-0.208110
-0.206249
-0.204720
-0.192849
-0.153100
-0.099883
-0.096460
-0.038114
-0.017680
0.0256580
0.0756160
0.0777550
0.1085600
0.1127300
0.2030499
0.2364000
0.2675499
0.2884700
0.3311600
0.3610400
0.3719000
0.4010500
0.4240600
0.4377100
0.4499100
0.5009000
0.5080900
0.5220500
0.5375199
0.5428500
0.5536000
0.5569400
0.6010300
0.6068800
0.6125900
0.6172900
0.6174500
0.6241900
0.6266800
0.6754400
0.6812800
0.6827500
0.7132800
0.7160200
0.7719300
0.7825299
0.7996400
0.8147900
0.8176800
0.8732599
0.8777200
0.8943200
0.8981200
0.9289900
0.9318599
0.9574200
0.9831599
0.9861699
0.9907999
1.0355999
1.0358999
1.0451999
1.0457999
1.1148000
1.1333999
1.1458999
1.1557999
1.1664000
1.1807000
1.1968000
1.2111999
1.2142999
1.2239999
1.2371999
1.2995999
1.4204999
1.4741999
1.4931999
1.5098999
1.5241999
1.5351999
1.5478999
1.6017999
1.6288999
1.6450000
1.6487000
1.6557999
1.6596999
1.6636999
1.6707000
1.6714000
1.6814000
1.7197000
1.7217999
1.7288000
1.7605000
1.7642000
1.7901000
1.8121999
1.8636999
1.8871000
1.9442000
1.9497999
1.9504999
1.9587999
1.9704999
2.0434000
2.0527999
2.0693999
2.0706999
2.0997999
2.1461000
2.1478000
2.1573000
2.1971000
2.2191999
2.2513000
2.2692000
2.2943000
2.3288999
2.3417999
2.3455999
2.3666999
2.3893999
2.4055999
2.4133999
2.4191999
2.4498999
2.4742999
2.4914999
2.5187999
2.5191999
2.5468999
2.5579000
2.5594999
2.5785000
2.5977000
2.6213999
2.6238000
2.6352999
2.7040000
2.7132000
2.7157000
2.7541999
2.7705999
2.7863000
2.8022999
2.8061999
2.8143999
2.8387999
2.8411999
2.8888999
2.8952999
2.9109999
2.9259999
2.9294999
2.9361999
2.9461999
2.9523999
2.9640000
2.9797999
3.0270000
3.0489999
3.0737999
3.0739999
3.0761999
3.0769999
3.0889000
3.1099999
3.1114999
3.1371999
3.1920999
3.2088000
3.2122999
3.2189000
3.2389000
3.2402000
3.2476000
3.2531000
3.2561999
3.3196999
3.3267999
3.3283000
3.3305999
3.3385999
3.3423999
3.3566999
3.3582999
3.3692999
3.3701999
3.3835000
3.4239999
3.4253000
3.4285999
3.4361999
3.4605999
3.4658999
3.5021999
3.5065999
3.5078000
3.5223999
3.5328999
3.5729999
3.5803000
3.5947000
3.6036000
3.6311999
3.6673000
3.6683000
3.6743000
3.6767999
3.6819000
3.7006000
3.7107000
3.7245000
3.7559000
3.8505999
3.8757999
3.8948999
3.8949999
3.9027999
3.9033000
3.9189999
3.9253000
3.9287000
3.9333000
3.9620999
3.9977999
4.0219999
4.0539999
4.0644999
4.0808999
4.0868000
4.1342999
4.1383000
4.1450999
4.1855999
4.2225999
4.2715000
4.3008999
4.3042999
4.3136000
4.3671999
4.3913999
4.4033000
4.4208999
4.4351000
4.4352000
4.4544999
4.4584999
4.4634999
4.5154999
4.5220999
4.5676999
4.5732000
4.5903000
4.5941999
4.5949999
4.6049999
4.6116999
4.6209999
4.6845999
4.6867999
4.6992000
4.7193000
4.7252999
4.7267999
4.7568000
4.7572000
4.7684999
4.7728000
4.7814000
4.8006000
4.8129999
4.8250999
4.8251999
4.8508999
4.8738000
4.9108999
4.9169000
4.9263000
4.9724000
4.9740999
4.9804000
4.9826000
4.9964000
5.0103999
5.0388999
5.0987000
5.1014999
5.1302000
5.1349999
5.1619999
5.1621999
5.1864999
5.2284999
5.2701000
5.2780000
5.2791000
5.3099999
5.3366000
5.3384000
5.3466000
5.3770999
5.3792000
5.3806000
5.3822999
5.4032000
5.4057000
5.4191000
5.4387000
5.4396000
5.4499000
5.4543999
5.5447999
5.5760000
5.6034999
5.6058999
5.6103999
5.6274999
5.6386000
5.6573999
5.6746999
5.6886000
5.6947999
5.7112000
5.7622999
5.7815000
5.7873000
5.7993000
5.8080999
5.8932000
5.8936000
5.9566000
5.9669999
5.9792000
6.0066000
6.0073999
6.0112000
6.0163999
6.0269999
6.0418000
6.0672999
6.0890000
6.1352000
6.1703000
6.1840999
6.2190000
6.2229999
6.2320999
6.2622999
6.2907999
6.3078999
6.3227999
6.3551999
6.3640999
6.3996000
6.4344000
6.4715000
6.4874999
6.5063000
6.5117000
6.5162000
6.5907000
6.5928999
6.6275999
6.6484999
6.6582999
6.6629999
6.6699999
6.7043999
6.7344999
6.7560999
6.7794000
6.8312000
6.8386000
6.8440999
6.8642999
6.8877999
6.8970999
6.9036000
6.9817000
7.0142999
7.0453000
7.0599999
7.0819999
7.1104999
7.1235999
7.1787999
7.2088000
7.2227999
7.2396000
7.2541999
7.3087999
7.3349999
7.3386000
7.3987999
7.4222000
7.4511000
7.4785000
7.5073999
7.5410000
7.5560000
7.5803000
7.5930999
7.6372999
7.6802999
7.6830999
7.6855999
7.7072000
7.7309000
7.7553999
7.8094999
7.8149999
7.8583999
7.8727000
7.8877999
7.8890000
7.8987999
7.9177999
7.9222000
7.9438000
7.9697000
7.9801000
8.0169999
8.1027000
8.1030999
8.1261999
8.1272999
8.2113999
8.2425999
8.2759999
8.3198000
8.3484999
8.3498999
8.4066000
8.4218999
8.4466000
8.4549000
8.4735000
8.4916000
8.5470999
8.5663000
8.5922000
8.6007999
8.6239999
8.6523000
8.6570999
8.6699999
8.6745000
8.6752000
8.6880999
8.6896000
8.7145999
8.7204999
8.7426999
8.7827999
8.7879999
8.7881999
8.7931999
8.7965999
8.8547000
8.8602000
8.8725000
8.8746000
8.9035000
8.9115999
8.9587000
8.9861000
9.0178999
9.0326000
9.0691000
9.0835000
9.1386999
9.1476999
9.1539000
9.2705999
9.2884999
9.3730000
9.4120000
9.4252000
9.4357000
9.4547000
9.4548000
9.4592000
9.4595000
9.4960000
9.5826000
9.6180999
9.6327999
9.6460999
9.6532999
9.6567000
9.6609999
9.6812999
9.6869999
9.6879999
9.6955000
9.7220999
9.7586999
9.7595000
9.7660000
9.7683999
9.7781999
9.7828999
9.7973999
9.7989999
9.8741000
9.9077999
9.9230999
9.9400999
9.9512000
9.9816000
9.9898000