4809.626586567004
37.82605632547453
4025.3858065543386
935.2532170057681
2768.734079034861
4639.861683655068
2659.51013662346
2913.0080166618727
797.1366326495072
3327.7504266525175
3059.275052198099
4627.586508351159
1894.6129182116063
3121.2423203763196
2305.46517373472
1795.493191118588
3275.0882409599362
2449.763890207431
4676.531247224841
3771.0221165521057
2813.9916194373136
3591.043899368299
385.7641191199801
3585.284436960139
3003.604656618644
144.70203278260706
1261.1926216538889
982.02254861532
4860.759218720187
330.19365567725333
1782.3615567235502
2938.2067678751996
2477.07918862166
1144.4762947012932
2329.1708108739535
17.90509941597851
2909.9929070733842
1060.2742701362477
3578.5925254969566
1977.3673974165201
4033.736133195226
2897.726348711689
57.162269923188845
3476.653795364759
1789.115853924122
2262.556555535312
1987.145822428279
2014.1567275230288
4945.705142188832
4741.756549468938
4826.96476956686
2151.7990071950453
2495.524504166559
4500.209327849502
1669.845093095398
2699.501005186152
3793.427340128351
1571.234464494909
265.31572735128736
1434.8344293384453
1483.305421902455
3958.6001711555186
2250.2250451302584
1287.8319503060204
3404.9245057873695
1501.0165773323197
1467.2273945188163
1091.7487036912814
1950.2457818997043
1013.4766399628609
991.2718197622
945.955585147154
1136.4842549303617
4905.837104853283
2814.9559491328264
3168.607698962233
1849.2649920426952
1588.779665539331
2247.8141286422356
3621.36629687189
4199.77149282099
1651.4046459840254
1457.207619344948
4232.935793209098
2700.9109976490777
1022.9573734164354
1205.809775969036
3807.3314080565306
1610.053297687689
1820.5550566392953
2225.9707813825808
406.90181138934855
3937.939194352167
3702.0363641663353
418.6657047486497
314.1700775071105
1500.011218497635
3891.5631798851878
3463.5388063363916
4412.047058389782
1725.9798283568816
855.3918393453813
4405.991041374572
4464.570387894779
2542.614276396879
4334.198600261519
1050.4128800054923
2166.999757814973
2732.0116165910513
1547.1333060161091
4015.6174234967843
4192.933592815162
237.97392292408847
2803.4124040166485
4075.539034349302
2012.659444926957
886.1422947715475
1652.8061978046694
2786.359412588106
2855.1015313529347
812.1183163314477
3092.5365254727503
1365.627512791557
3411.7494796454075
2313.5769064003093
3926.5860166066286
4233.881663560668
2127.416773376146
692.0498919104912
4744.6840262058595
675.1855182361954
2368.103901362835
2207.4973327083326
3014.4226221322274
4655.690854012716
1524.1465139181637
1407.7835221224666
2808.1441678343717
1383.8739655771299
2684.6811815771853
1207.4753134382177
3883.2445299036135
3898.630051499733
4330.53557838614
2862.9378671771306
3855.0204805207572
447.97115901469397
2456.020331794073
4288.337627700081
4026.319768298558
1094.9259663866378
2438.900608430565
1082.43756115614
146.9990538193855
857.727644574035
52.64451461677422
461.5394801638234
810.7236198699746
667.7510704484407
1408.2026523421248
3847.9684900293632
2801.6998896122636
4515.756232231588
1697.8884507962744
1058.1194225716229
2403.3546068206
514.7224340332162
1488.373824292627
4920.587262703436
3732.5924215772743
2345.3100625349844
1064.7932093712432
1439.0220913870598
207.46544598963413
1642.8377387590072
2817.984640004325
3851.993881277341
2762.940267642377
2597.8183970626883
4096.766590517797
159.16329682908403
2752.8310103501376
1141.9417658205061
86.40989210889849
4929.6937557416795
4341.017583748201
2286.173118999134
2720.334734847438
1031.9259113868784
1127.8120215425909
2529.632713403336
4282.517133181941
3957.989329886723
3402.6669687461335
3893.4439829556654
286.81950239251074
1197.8496470552852
1936.4188841745022
1528.0741642682299
3495.5686091914276
4627.822310479068
4738.865403680313
1105.3986382485402
327.87136990625464
993.3547362437984
1581.8458474608738
1058.2750786642926
4278.2334680545455
485.58199289299444
1297.9388356763
4470.976971543969
4074.400230423626
2680.016531419078
2914.0393668890224
1537.287081956432
2053.8790559952295
2676.328306849145
613.1387415125422
569.704276946773
3048.7362156424774
4387.3996178247235
994.3489583988762
4034.3856272599005
3470.7168797201216
43.80959945342544
3539.166965808453
778.767756749626
3976.31390603244
2677.1992907614317
340.0179330476066
616.0188218186779
4242.322521146081
1927.8750283360441
2038.6550648693103
1871.8136417890842
533.4464854821097
3278.1572345773925
734.514079297785
3180.9646295183984
2931.7077850021506
2604.0130703476607
4101.627786573946
3134.1264753606497
4957.034058967325
888.4543997157468
1569.2366413338316
2323.862555222337
2456.3693173732154
1797.5546391342223
3315.790925490261
1307.719019674189
4190.014124464187
2408.151552431682
3192.309538471353
4678.8238358650615
2489.4689872122603
3895.3220645680412
3429.296740458792
1364.647858759913
2743.161964348787
282.0616506564111
4842.643535464579
877.8480850620018
2523.6300317175574
3855.669122364174
3587.58713149561
3449.4140963108016
2141.870976187906
1867.7674244091347
839.2777318205264
871.4501863581148
3711.416521450449
2537.086587379849
2993.5885014185897
567.4661658341679
2963.442206221904
119.60757283405177
4825.096947544045
4581.580614267547
945.5540142289309
4262.6065304630165
86.62540806180897
4822.323706886855
498.0793944503453
2063.039509080517
2575.609431476665
1712.5434989590287
1777.8309098306095
2919.937533941518
4463.199675764052
3926.8667450166386
934.2960645400439
1657.0444677681978
3160.0030237375004
1235.7077315440486
4931.211404669524
43.34621834103436
4379.5682148294345
1427.577545736461
2966.901222526399
2221.496858312945
834.5945375027902
3558.076153144661
4459.632783647432
476.12157747873584
3328.1548224367602
1282.269509737693
2309.959916042566
1309.3087508508245
3638.554209902673
4767.134393913872
3432.9804612438925
3557.2534752564657
4425.8929554252
4178.466058183431
3720.7430274136386
4039.109049103998
4994.687053509731
4924.5696691414405
151.9455230577932
1799.1095476454304
1791.9646779784764
4963.939508315808
1329.649830949654
1183.9990645900461
1912.861396633907
2242.5775142303523
4032.4397837203437
1571.7979751652622
2023.3219374703908
4875.549015514772
2996.819996270418
2591.093020619029
3516.435559005126
1422.6255317486814
954.0056391705026
4579.194422052429
2464.1896906686866
1003.4517033197604
2540.9555451987803
1479.2866610317435
1973.706442015155
722.1403625869982
3791.8655637635234
4066.4470228837095
262.4688803325259
1868.1247619798341
2107.0988944460596
184.05319523815356
3100.0995682201406
2259.107304491557
3054.873182352022
114.71239477357176
4168.275878680449
3530.8319204662785
816.2540315525729
3005.2110972143064
4414.564372453575
2240.2217634025683
4027.538501992601
3676.1422590902325
2702.9178279568155
3541.210797515454
1681.30163351487
4030.956508464401
2634.9889022503357
2821.4025895065283
4046.8710892767167
1951.0236437409706
1668.3527110769248
4585.957963502328
4105.55499001713
2098.724823239996
2532.9455326351804
4363.029013594368
3441.5920152014583
2396.841791050248
3098.7017027453694
1107.4947212749437
1093.0615936274241
4733.482067534593
4843.432181486022
4604.27576893561
4287.94770868517
4679.935230839234
4356.655773316282
1684.7480821537847
1212.750943039157
3432.8226197199006
819.8027293052695
80.17753355579804
1035.1510412189502
1084.9223885313581
1111.1400517209447
2576.224320872548
3387.3475457425384
2318.412544502954
4180.4477406973565
4962.367629859427
1971.5125062303762
311.1543821447699
2650.825070634297
4362.127465870162
4228.173454253078
3897.2237492965733
2616.261680618394
1904.006021410778
1725.114983896422
3454.2031050676014
4494.62129129884
4087.8804615025356
815.4851178365402
1304.4260243110843
2015.4616941041859
790.3577283124403
2309.744556522129
399.90699561890386
4743.398110153443
147.00763903521207
4601.242644461764
1322.159556036333
1087.3119898554085
2883.3608597682246
794.121524989318
2287.473133416405
3189.54694927562
872.5872934096778
1694.4343441599879
1842.5119541254687
2828.203559601294
4352.563337863521
2042.77989347939
2464.7406987333316
2957.8590316880936
2723.3080325052665
282.1320617607764
2791.688486341068
1062.521778216814
603.3728265556393
958.5587024011505
950.4327088396203
1853.027570657656
241.21366901263764
3059.6089937906895
4025.857278427864
1632.620520531377
3780.2036826451244
4585.8081843373675
2059.4934838934205
1893.9583253088272
2541.9546844815495
1959.808997609473
1485.6833914521894
363.30056622751295
4481.987008599122
3605.130366240256
2119.954587455729
668.9288109108716
1794.4683864933536
3584.5609926908473
4155.37458144675
3042.027831445615
1844.5616151475124
1953.5067232764625
532.5002766140957
4348.996772939927
909.0031144255522
588.5518690529129
3502.906523362612
4016.7966788526337
2837.6050012546457
261.02987974521653
2299.6442706508437
64.17617461337122
1632.1694364907175
126.1033748125695
1532.6669076733378
956.7247237615983
364.59342101496594
1283.9062061535128
348.2536241164147
1645.8653631018021
1696.2933626954334
2388.127795171514
684.6273326601171
3724.7906046216226
3325.4657173385694
1598.728062449471
1076.289359891348
208.23371883337828
778.0559410419962
4401.476845341495
2935.7865237686315
4103.945505248458
502.5951533733786
4865.761319093866
1207.60106940922
293.7802417544827
2199.1298313653874
2749.7244093673507
2983.756832297011
4276.80115549918
4211.740225680169
4419.967998906057
1575.637234232342
3462.805542230951
3062.537182904772
4864.660875444251
2190.7197512954517
3343.3019481158176
1109.018269256244
1666.1883885434454
67.94841441953248
3221.258589409873
129.00983898942897
4754.058367766364
1197.8580472856597
1788.6899349491803
2824.5234074936275
4678.401895302886
3121.194758985905
4625.763820189434
3451.5103627337226
3875.6511251553115
4732.566966381899
1083.287700180524
1590.9943897234368
1086.7104892228906
444.1260198645358
4332.218507618467
4984.118507241899
3181.5425211110332
4133.452630929022
2032.2607556566031
3684.089990487967
1376.127064601147
3345.5215347760936
127.09114866239935
1674.9203699872196
3030.2720483117428
1177.693887801855
1046.7271223367325
3196.5400116987344
3106.9362665465483
4399.557137366992
915.5844064226537
9.859468636559399
3568.392541666306
4282.585899040776
4081.867548531017
4797.10619859318
4379.664361388141
1009.6282534646606
4300.743548873822
1861.856655371069
4190.040513662798
1754.6779189210793
2985.712712828343
4556.670761203258
2552.218591612912
1975.452709027894
4056.3343530706884
861.9638188760858
4647.595637989791
4462.289360756209
4773.95891540422
3630.5495407010253
2335.3749963535297
4742.788633289277
832.2036623739825
2710.063357883488
3834.976059604387
2240.565787188247
187.4217052286442
1622.2397259315878
1100.189996901082
609.4441695812425
4572.914480670968
494.62453207601675
3765.490343812293
1456.8765024075358
799.2002885938842
2940.998726341015
4404.662485295939
3408.8521607988746
4281.296311388837
1647.137929263734
3084.9054967703105
697.2372116807129
4413.879722239005
4434.553565699798
833.2490471244091
2145.4118834285955
479.51052370408087
1496.365347383586
1350.2233338354513
4699.324177685407
931.2873077331452
2066.282330984752
1517.0991384986987
4899.412350076839
4264.554537190835
3166.2478157735873
2998.1301036678205
432.4607042459261
4810.718187648436
3956.0605951937855
4708.2030037456425
4489.766067718836
4814.029093202503
4031.323049400653
4054.7468077094286
4878.4224157898925
2290.1826882889177
3134.7043416973584
1335.9084788439313
1421.094922296754
4560.132055831067
270.86949842892506
1224.9959474408834
1658.0502319162445
729.1971014266729
2160.2174298762307
4846.129442691888
2186.6349235996713
2035.551907078164
2096.548210372461
697.1570402528338
4758.443423042299
1934.6815634174698
1902.4839482573002
2475.9701752121705
2670.659009155655
1671.5438636564916
676.1584326826143
1507.6305025183817
3146.6703105857273
2491.291873837986
950.9341771577351
2221.4900554628803
240.5121365863605
4755.1042689088345
3262.1472534151662
241.8759595973491
972.3974519776074
2100.8356022473945
4558.21130469718
1155.8444614451168
3169.5203703692055
3026.498929758164
4436.659740286295
2157.6037145065507
2220.078774760333
118.5473911833218
2152.377666860413
1286.2792623164282
1879.4281769281479
4941.812455963682
1191.0036042927059
1200.9591507261218
1050.5357922266455
4902.324424188006
159.49422026820815
1225.788987604371
2142.654937918942
4949.657479431907
4717.668006377824
2906.016223105341
4459.038553193213
2149.266383970838
4052.336113014818
1020.4906512460221
3931.9899826772153
2156.4638641790475
4849.861073906333
1226.0981675329658
3230.9757682462214
2348.1342278604943
1194.5647776645735
2162.567973381265
3415.9073010373368
2038.94069980235
1777.3366487142782
252.44012197151667
1691.2293411734086
452.3269653728373
4429.314760101679
2607.21850814144
4905.009182664809
4937.991630520026
3962.67397334214
3795.1637024118068
4440.920902093806
71.66032254118437
2212.249662011244
2055.3190774266527
2135.8816098633924
4524.563047491998
2209.261162035029
1743.285330622994
3749.868894715641
2027.556747310265
3889.9489773433843
4584.699003967391
4910.303040885635
1865.0230161250158
3488.156405085111
1821.78224752146
3413.9263411423626
3410.3886099494225
2616.88541917161
2145.807000001312
3405.5948724211626
3831.1649855963087
67.63574913795034
1127.9840915745292
378.68751511889286
498.56904138983083
2097.953270309884
2627.705303422915
2038.8991357707437
680.75704294413
3695.8605591357864
5.065215146114466
3924.78731849061
866.3724800021045
3511.4624134266974
3616.0336511135265
332.91155999522647
2090.668169830587
1494.5478126947537
88.89932065534845
4786.042223934541
1930.0142702675994
2431.0207200072
4921.837958209589
3640.359375091009
933.3016328503641
1652.7827660168282
3167.560214947327
168.14398240635632
97.07744419938547
4699.953325422023
673.2099253217649
573.4822487964186
3025.683713030864
282.72865978629216
1382.2636385198678
1665.256426869416
1579.34651436921
198.50314501318468
2219.1198243989957
2120.413971220999
1146.8181546892974
416.29210915337444
3364.0564558751066
2717.752944014133
1054.8944249766985
3705.888994431537
1778.7636201847467
3138.9954388127594
4358.686117914611
2077.8368655021995
2943.06537470168
305.02612949085903
2256.211266535909
2085.351222279739
893.7455681826567
244.5468392321176
853.8607861583253
1905.7589319952306
3245.1786627745328
1166.997687159717
1506.8050553201633
2017.143631717636
2300.79551334225
3747.9388001202287
2265.841397865814
3254.1787113971754
1928.5527254979334
3379.8174815346906
4074.0441269194694
2261.8206730213624
2391.5791244404872
1909.3248251875023
2618.3604374475576
1924.6254009924646
501.08192388399254
1224.4644101257318
2530.661271138909
948.3358442137007
621.6367999146527
988.2076623577884
2886.565603807494
582.9954237665507
4728.040418622189
4982.145205560855
1984.1698420622467
3284.4732363011867
1708.1797513074953
3671.427799749722
4247.108059068789
4755.997819199848
2967.0138997864105
1068.5938587916567
2042.1440920197392
499.6189641920845
4430.923233531499
690.3996129134243
3753.303127745166
625.9738314642655
909.9790918311922
4016.7810191584817
4108.15247241356
890.5596858657605
1703.9697889344607
1505.766661087512
595.1867651300263
3297.077741099486
3677.4938756903252
1532.1032902741272
4170.027733979112
4941.564377358701
41.61264478287852
2738.7552358949456
1965.772410809679
3291.1348067904846
1669.5328072918242
1404.938654088942
2176.9204058188097
1745.6665795421939
1628.7963853037984
3036.388285426961
4395.393741308061
2222.68018238285
4271.827599253865
2767.266879304927
2754.164578921536
994.9446501227737
4302.323191808531
2249.1838477096076
2768.972753466472
1166.7916620756491
2849.6958923239054
4457.875137979834
4100.035882539147
4179.169593845732
814.6009742224475
433.1783308922582
2254.708440660078
2581.781899243902
3772.8293819241553
482.69910534783855
3847.9504006795855
4326.460195921021
3771.578928676263
2413.3169910548218
2785.0724592867755
42.86919806151091
474.1266892438428
1881.0161370017743
3299.5682270482284
1874.4921963578065
3624.066706589427
3879.0759750609454
2758.0643788604834
3378.3993026168737
4516.033167974408
1708.6747387100825
3342.3887992678347
3900.011484659882
2007.0157951099188
2865.7052370693937
981.2096366219703
2543.7018612770644
3721.4670397610666
3769.4664252092116
4125.610122918501
3951.0884135836304
3659.4444454146624
1370.0334908722011
1796.8239780643503
1807.2514491616394
862.7513484735183
3314.7504998023364
1622.9810695820174
1988.3760808508678
3540.6863400812395
4190.955888962416
4930.54802324898
4660.220009029856
413.0904522919526
1924.3957538293027
2405.2850414588206
271.4767185245426
1152.093378141985
1573.9749465189711
253.75798687565788
3047.001696055841
4847.721970827687
3580.319105720483
1581.3689199802573
2564.135928499503
2038.3531467239734
2041.0096236523734
1461.9597838297339
4003.468878373843
2935.3010702008683
4713.341395321441
4195.059891614832
4277.952687413449
3729.0294418462277
1858.518633527793
4094.8484026038473
4249.516175331314
431.46380346916203
4066.47112982377
2303.4121467292625
2604.324109522678
234.12443369325464
2948.0054525077267
4289.378972708019
3450.0830566970653
616.0978316897142
29.104232404248975
1287.4333943644956
2387.417121273422
4562.06392351856
3280.5881475563738
1893.0650495148261
1713.3257412998037
3372.3076244420663
4750.623505476223
4337.618204008202
2198.2251545807667
1633.7295069965141
2059.0988838470435
3333.3515803756763
3192.6627512934274
2811.8213542499025
1118.519067504305
3462.9794397734686
3745.497758410923
2782.1258581375296
3876.883053705486
3247.4483653631464
1040.5771185905066
4547.603296167434
1127.1365924608328
1014.4535220048584
3077.7693237251983
3402.732322713646
2577.0853299080277
3551.7538776265874
4609.5639824805
292.1833156601583
3661.8271773763345
2475.9015352323645
1552.924691422476
84.79823320370838
2541.8152711557277
1266.331541480315
91.26767443809581
3573.341079489
1592.435288073345
4470.4572929504975
1498.3597908708973
4793.391082723754
2882.9811573987354
189.30133467102706
2404.2059714521974
2307.7886094677287
4525.4217365265995
4411.5286729128375
4219.97166064128
2362.3385256905553
2159.0500482285456
251.3510629096405
2069.154363413705
2181.9944041374374
1242.75039366748
3159.528066088651
470.2065247084841
2302.72086173798
4175.6772912591105
228.18914222100693
4065.52588955535
2102.1594601912407
763.8036639911477
331.01234121771574
1358.5012265422492
1059.4580157443818
3589.167929952742
4094.923295016134
2474.06673824206
3307.742740670034
1928.905341434941
1810.0839459783886
4154.230179016079
410.7817030894867
